startX=0
startY=-190
h=20
r=10
stride=40
resolution=5
P(x,y)
[[-5.000000000000004, -188.6602540378444], [-8.660254037844386, -185.0], [-10.0, -180.0], [-8.660254037844387, -175.0], [-4.999999999999998, -171.3397459621556], [0, -170], [5, -170], [10, -170], [15, -170], [20, -170], [25, -170], [30, -170], [35, -170], [40, -170], [45.0, -171.3397459621556], [48.66025403784439, -175.0], [50.0, -180.0], [48.66025403784439, -185.0], [45.0, -188.6602540378444], [40.0, -190.0]]
P2(x,y)
[[35, -190], [30, -190], [25, -190], [20, -190], [15, -190], [10, -190], [5, -190], [0, -190]]
foot(ang1,ang2)
[[-36, 66], [-39, 69], [-41, 74], [-43, 78], [-44, 81], [-43, 82], [-41, 82], [-39, 82], [-37, 81], [-36, 81], [-34, 80], [-32, 80], [-30, 79], [-28, 78], [-25, 76], [-22, 72], [-20, 68], [-18, 64], [-18, 61], [-20, 61]]
foot2(ang1,ang2)
[[-22, 62], [-24, 62], [-25, 63], [-27, 64], [-29, 64], [-31, 65], [-32, 65], [-34, 65]]
